Nama Barang	Jual	Beli	selisih	Hutang	Stok	expired	Keterangan
Roma kelapa	11000	9000	2000	12000	-1	0	0
ikan asin platee	4000	3500	5000	6000	8	1	2
maxis 15000	15000	13000	2000	15500	10	1	2
Golda Biasa	4500	900	3600	5000	8	1	2
Tora moka	2000	900	1100	2500	10	1	2
Nextar 2000 	2500	1900	600	2800	9	1	2
energen kurma 2500	2500	900	1600	2800	10	1	2
yogurt kiko	1500	1000	500	1700	10	1	2
oreo 137gr panjang	9500	8500	1000	10000	10	1	2
Emping  belinjo 8200	8200	7000	1200	8610	10	1	2
Tepung terigu ONS 1100	1200	800	400	1155	10	1	2
MALKIST 1500	1500	900	600	1600	10	1	2
Im3 pulsa 5000	8000	6000	2000	8500	10	1	2
ballpaint hitam tinta	4500	3000	1500	4725	10	1	2
Rolls nabati	16000	14500	1500	16800	10	1	2
Baterai Eveready 3500	3500	3000	500	3675	8	1	2
Racik Ayam goreng	2500	1800	700	2625	10	1	2
Bawang Jawa	4000	3500	500	4200	10	1	2
bawang putih 	4000	2400	1600	4200	10	1	2
bayclean 3.000	6500	5500	1000	7000	10	1	2
beng beng 2700	3000	2000	1000	3200	9	1	2
beng beng drink	2500	1800	700	2800	10	1	2
TORA MOKA SCHT	2000	1400	600	2100	10	1	2
Kecap Bango besar	12500	11000	1500	13125	10	1	2
MILKU	5000	3000	2000	5250	10	1	2
choyo choyo	2000	1400	600	2100	10	1	2
BULOG  1kg 	16000	15000	1000	17000	6	1	2
Racik Ikan Goreng	2500	1800	700	2625	9	1	2
beras kita premium 5kg	83000	80000	3000	85000	10	1	2
Token listerik 53000	53000	51000	2000	54000	9	1	2
betadine 7.000	7000	6000	1000	7350	10	1	2
piattos snack	2500	2000	500	2625	10	1	2
Gula  500gr	9000	8000	1000	9450	9	1	2
biskuat	8500	7500	1000	8925	10	1	2
bihun bijag 6.500	6500	5000	1500	6825	10	1	2
bihun ikat	1500	1300	200	1575	10	1	2
H MILD	11000	9000	2000	12000	-6	1	2
Biore Kantong 450ml 	19000	18000	1000	19950	10	1	2
biskies 1000	1000	800	200	1050	10	1	2
ATB Biskuit Marie 	7000	6200	800	2000	10	1	2
blue band  200g	10500	9500	1000	11025	10	1	2
bodrek 1000	1500	500	1000	1575	8	1	2
bodrex 1 papan 10000	13000	11000	2000	13650	10	1	2
Boom Detergent  5500	6000	4500	1500	5775	9	1	2
Bango botol 135ml	13000	12000	1000	13500	10	1	2
SIKAT PLASTIK	5500	4000	1500	5775	10	1	2
bawang goreng	15000	13000	2000	15750	10	1	2
Racik Tempe Goreng	2500	1800	700	2625	10	1	2
Kunyit Bubuk 1000	1000	800	200	1050	10	1	2
merica 1000 bumbu bubuk	1000	900	100	1050	10	1	2
Racik Sayur Asem	2500	1800	700	2625	10	1	2
INDOMILK BOTOL 190ML	5500	3500	2000	5775	10	1	2
OFO ROKOK16500	16500	14000	2500	17500	0	1	2
buryam 1500	1500	1400	100	1575	10	1	2
Sisa hutang	9000	9000	0	9000	10	1	2
BON cabe bubuk	2000	1800	200	2100	10	1	2
cabe kering	11000	9000	2000	11550	10	1	2
Cabe Merah Besar	8500	6600	1900	8925	10	1	2
CABE RAWIT	9000	7500	1500	9450	10	1	2
TELKOMSEL 10	13000	11000	2000	14000	10	1	2
Axias 3G(1bln)	26000	25000	900	27300	10	1	2
cappuccino fresco	2000	1800	200	2100	10	1	2
MECRONI	2500	1800	700	2700	10	1	2
clean cham	8000	6000	1200	8400	10	1	2
COCO CRUNCH	2000	1500	500	2100	10	1	2
cusson 100g +50%	12000	10000	2000	12600	10	1	2
daia 320g 5500	5500	4750	750	5800	9	1	2
Sukses geprek	4500	4000	500	4800	5	1	2
daia 55gr 1500	1500	833	667	1800	10	1	2
daya crispy	1500	1000	500	1600	10	1	2
dbest soya milk 4500	4500	3800	700	4725	10	1	2
BATTERAY REMOTE	3000	2500	500	3150	10	1	2
Rinso 44grm Detergen	1500	833	667	1575	10	1	2
downy 780ml 30500	30500	29000	4575	32025	10	1	2
downy pewangi 1000	1200	833	367	1260	10	1	2
SNAPS WAPER	2500	2000	500	3000	10	1	2
Sajiku Ayam Goreng	2500	1600	900	2625	10	1	2
entrostop 750	1500	1120	380	1575	10	1	2
Extrajoss	2000	1500	500	2100	10	1	2
fanta 5500	6000	4100	1900	6300	10	1	2
Floridina10	5000	2750	2250	5500	10	1	2
freshco capucino 2000	2000	1800	300	2100	10	1	2
Gambas /ons	2000	1800	300	2100	10	1	2
garam anak pintar 3500	3500	2500	1000	4000	7	1	2
garuda rosta 1.000	1500	1000	500	1575	10	1	2
GAS ELPIJI 20000	21000	18000	3000	21000	-11	1	2
golda caffe dingin 5000	5000	3000	2000	5500	9	1	2
good day capuchino 2500	2500	1500	1000	2700	8	1	2
INDOMIE MSK 6000	7000	4000	3000	7350	10	1	2
Good Day botol	5000	4000	1000	5250	10	1	2
gula 1 Kg	18000	17000	1000	19000	9	1	2
Tepung terigu bungkus	12500	11000	1500	13125	10	1	2
Gula Merah	3000	2300	700	3150	10	1	2
Gunting Besar	12000	10000	1800	12600	10	1	2
gunting sedang	5500	4000	825	5775	10	1	2
hand wash sleek besar 	26500	25000	3975	27825	10	1	2
Sukses ayam bawang	4500	4000	500	4800	9	1	2
PERTALITE( )	9000	6000	3000	10500	5	1	2
KECAP BANGO 210ML	11500	10000	1500	12075	10	1	2
hatari 	7500	6500	1000	7800	8	1	2
hilo cocolate1	2100	1800	315	2205	10	1	2
hilo sachet 2000	2000	1800	200	2100	10	1	2
tamban	0	0	0	0	10	1	2
ASTOR	1500	1300	200	1575	10	1	2
puput ikan 	0	25000	0	0	10	1	2
selar ikan	0	5000	0	0	10	1	2
selikur bersih ikan	0	3076	0	0	10	1	2
tongkol bersih ikan	0	2800	0	0	10	1	2
Axix5Gb(1bln)	32000	30000	0	0	10	1	2
TEBS	9500	8000	1500	9975	10	1	2
Soto MEDAN Indomie Mie	3500	3000	500	3700	7	1	2
Mie Basah 	7000	6000	0	7350	10	1	2
isolasi bening besar	7000	4500	2500	7350	10	1	2
Jahe / ons	2500	1500	1000	2625	10	1	2
jas jus 2 bks 1500	1500	500	50	1700	10	1	2
jely Gamat 	155000	0	0	162750	10	1	2
jengkol  	2500	0	0	2625	10	1	2
jeruk nipis 	1600	0	0	1680	10	1	2
jeruk sambal 	2100	0	0	2205	10	1	2
kacang cipir 	5500	3500	2000	5775	10	1	2
kacang hijau 1kg	2650	0	0	2782.5	10	1	2
kacang kulit 2 Kelinci 35g	2500	2000	500	2625	10	1	2
Kacang Tanah 	28000	26000	2000	29400	10	1	2
kacang tanah kupas	34000	32000	5100	35700	10	1	2
Kaka mikako	1500	900	600	1575	10	1	2
Axis 8-12Gb(1bln)	46000	45000	6900	48300	10	1	2
 Daya 1500 Kaka	1500	800	225	1575	10	1	2
kaka daia	1500	800	700	2000	8	1	2
Kangkug /Ons 	1000	800	150	1050	10	1	2
karet gelang 1	7000	6000	1000	7350	10	1	2
kartu 1m3 	3000	2500	450	3150	10	1	2
kartu simpati 15	15000	13000	2250	15750	10	1	2
Minyak Kayu putih 30ml	6500	5000	1500	6825	10	1	2
TELKOMSEL 30	32000	30000	2000	33000	10	1	2
 Nasional 500 kecap 	500	400	75	525	10	1	2
 ABC 500 kecap	500	400	75	525	10	1	2
abc 135ml kecap 	7500	6500	1125	7875	10	1	2
KOPI 1500	1500	1000	500	1575	8	1	2
kecap btl kecil	9500	8000	1500	9975	10	1	2
kecap kantong SEDAAP 63ML 2500	2500	1800	700	2625	9	1	2
 nasional 140ml kecap	6500	5000	975	6825	10	1	2
 sedap 135ml kecap	7500	6500	1125	7875	10	1	2
kecap  ABC 225 ML 10,000	10500	8500	2000	11025	10	1	2
kencur  	6500	5500	975	6825	10	1	2
kentang medan 	2300	1500	800	2415	10	1	2
keripik PISANG ANEKA SNACK	27000	25000	4050	28350	10	1	2
Boderex kotak	12000	10000	2000	12600	10	1	2
kerupuk bungkus panjang	6500	7000	-500	6825	10	1	2
kopi capucino masak	6000	5000	1000	7000	10	1	2
kerupuk ikan kyria	14000	12000	2000	15000	9	1	2
kerupuk ikan tenggiri	27000	24500	2500	28350	10	1	2
kerupuk/keripik 2000	2000	1800	200	2500	10	1	2
H Mild Jumbo	13000	10000	3000	14000	10	1	2
kerupuk mentah merah	35000	27000	8000	36750	10	1	2
TELKOMSEL 5	7000	5000	2000	8000	10	1	2
KEMIRI  	1000	900	100	1050	10	1	2
Kiko es 1500 	1500	1000	500	1575	5	1	2
Kol  	1800	1500	300	1890	10	1	2
kopi capucino masak	6000	5000	1600	6300	10	1	2
kopi kapal tanker 30gr 2500	2500	1700	375	2625	10	1	2
kris bee	2500	1800	700	2625	10	1	2
kopi kapal tanker160gr 17000	19500	18000	1500	20000	10	1	2
kopi kapal tanker 370gr 24000	24000	23000	1000	25200	10	1	2
Voucher XL 10GB	43000	40000	6450	45150	10	1	2
kopi mix 	2000	1350	650	2100	10	1	2
kopiko 78 c	7000	5500	1500	7500	10	1	2
sedaap kecap sachet	750	500	300	800	10	1	2
makaroni pedas 2000	1000	900	100	1200	10	1	2
Kuaci Rebo 1500	1500	1200	300	1575	10	1	2
kukubima 1kotak(6)	8000	7000	1000	8400	10	1	2
Suntikan permen	1000	800	200	1200	10	1	2
labu /ons 	1000	800	150	1050	10	1	2
ladaku merica bubuk	1100	900	200	1155	10	1	2
Langkok  	1300	1100	200	1365	10	1	2
larutan penyegar cap	4000	3000	600	4200	10	1	2
lasegar Saset 2000 	2000	1800	200	2100	10	1	2
Lasegar Kaleng 	7500	5500	2000	7800	10	1	2
lasegar botol 200ml (hijau)	4000	3000	1000	4200	10	1	2
permen JAM	1300	900	400	1365	10	1	2
TELKOMSEL 20	22000	20000	2000	23000	10	1	2
Sarden Naraya 150gr	9000	8000	1000	9450	10	1	2
Lilin per batang	2000	1200	813	2500	10	1	2
Luwak White Coffee	2000	1500	500	2200	10	1	2
soffel	1000	875	1500	1200	10	1	2
rinso cair 200 ml	5500	4750	750	6000	10	1	2
Madu sachet	1500	833	667	1575	10	1	2
Ekonomi kantong 2500	2500	1000	225	2700	10	1	2
H MILD BOLD HIJAU	12000	10000	2000	12600	10	1	2
IM3 5G 5Hari	22000	18600	3400	23000	9	1	2
HUTANG BUK NUR 	15000	14000	1000	15000	10	1	2
PRINT dari PDF	1000	800	200	1050	10	1	2
matchis fortis 3000	3000	2000	1000	3200	9	1	2
TELKOMSEL 50	52000	50000	2000	53000	10	1	2
 valmia 200gr margarin	4500	4000	675	4725	10	1	2
forvita 200g	7500	6500	1000	7875	10	1	2
PULSA 5000	8000	6000	2000	9000	10	1	2
Mi Sedap 	3000	2600	450	3150	10	1	2
fania mi kering	4500	3500	1000	4725	10	1	2
mie lidi batang	2600	2000	600	2730	10	1	2
Sedap Cup Mie 	5500	5000	825	5775	10	1	2
mie segar /kantong	7000	6000	1050	7350	10	1	2
Cocacola	6000	4200	1800	7000	9	1	2
sikat kawat scrubbers	6500	6000	500	6825	10	1	2
milk jus 1500	1650	1000	225	1732.5	10	1	2
milo 2500 	2500	2000	500	2625	10	1	2
milo 3in1 35gr	3500	2800	700	3675	10	1	2
Minyak Angin Cap Lang 3ml	8000	6000	1200	8400	10	1	2
Minyak Angin Cap Lang 6ml	12500	11000	1875	13125	10	1	2
Minyak Angin Cap Lang 24ml	40000	38000	6000	42000	10	1	2
Minyak M&M 	18000	16500	1500	19000	10	1	2
fortun 500ml	10000	9000	1000	10500	10	1	2
fortun bantal 1L	18500	17000	2000	19000	10	1	2
fortune berdiri 	19000	18000	1500	20000	2	1	2
Ganda Pura	7500	6000	1125	7875	10	1	2
 resto minyak goreng	10000	9000	1500	10500	10	1	2
ZEN SABUN MANDI	4000	2750	1250	4200	10	1	2
ORANGE WATER	9500	8000	1500	9975	10	1	2
 Kayu Putih Lang 30ml Minyak	12500	11000	1875	13125	10	1	2
minyak tanah 1 BTL	27000	23000	4000	29000	3	1	2
Kecap 1500 2bks	1500	1200	300	1800	7	1	2
zaitun minyak 	30000	28000	4500	31500	10	1	2
Molto pewangi 1000	1200	875	325	1300	-8	1	2
molto softener 820ml	15500	13500	2325	16275	10	1	2
MoMoGI Coklat 1000	1000	800	150	1050	10	1	2
mount tea 1000	1500	833	667	1575	0	1	2
Top kopi susu	2000	1700	300	2500	4	1	2
Nextar 2000 	2500	1900	600	2800	-3	1	2
nu green tea	5000	4000	1000	5250	0	1	2
nutrisari JELLY	6500	5500	1000	6825	7	1	2
nutrisari jeruk peras	1500	1200	300	1575	10	1	2
nutrisari lemon tea	2000	1800	200	2100	8	1	2
nuvo bodywash 450ml	22500	20000	2500	23625	9	1	2
nuvo cair 250ml	13500	12000	2025	14175	10	1	2
nuvo bodywash 60ml	3500	3000	500	3675	3	1	2
OBAT NYAMUK	5500	4000	1500	5700	-1	1	2
ABC mangga juice 250ml	9000	7800	1500	9500	2	1	2
odol pepsodent 120gr	10000	8500	1500	10500	2	1	2
odol pepsodent 75gr	7500	5000	2500	7500	-1	1	2
Oreo isi 4	2500	2000	500	2625	-3	1	2
Token bang edi 50000	53000	51000	2000	54000	10	03/09/2025	6013-7201-6180-6474-0183
Oreo 66 5gr	6000	5250	1000	6800	0	1	2
Adem sari botol 350ml	8500	6900	500	9200	5	1	2
oreo panjang 	9500	8500	1500	10500	5.87	1	2
Ozlo  	2500	2000	500	2625	10	1	2
TELKOMSEL 100	103000	100000	3000	104000	10	1	2
photo cetak 3x4 4lbr	8000	6000	2000	9000	10	1	2
photo cetak 4x6 2lbr	8000	7000	1000	9000	10	1	2
Basreng 1200	1200	900	500	1500	13	1	2
Pulsa 10.000	12000	10100	1900	13000	9	1	2
DANA 40.000	44000	40000	4000	46200	4	1	2
Pulsa 15.000	17000	15000	2000	18000	7	1	2
Pulsa 30.000	33000	31000	1875	34000	10	1	2
paramex  	4500	3500	1000	4725	0	1	2
parAMEX /BIJI	1500	800	700	1575	0	1	2
charm 8 Pad (Non Wing )	5500	4000	1500	5775	6	1	2
 charm 10 pad (Wing)	8300	19	1245	8715	10	1	2
charm 10 pad (Non Wing)	8000	7000	1000	9000	0	1	2
charm 8 pad (Wing)	7500	5750	1750	7875	0	1	2
charm  290 10 pad (Wing)	10000	9000	1000	10500	1	1	2
charm 420 4 Pad  (Wing)	13000	11500	1500	13650	10	1	2
laurier 10	10800	19	1620	11340	10	1	2
Gudang gar3am merah	16500	15000	1500	17500	-1	1	2
Hatari malkist 	8000	6200	1800	9000	4	1	2
PEN HTAM 	4000	19	3981	4200	9	1	2
Nissin lemon 120gr	10800	9400	300	11500	10	1	2
Pena Hitam Cair	4500	3500	1000	5000	8	1	2
Bon Cabe Mie	2200	1800	400	2310	5	1	2
DANA 100.000	105000	102000	3000	106000	-1	1	2
permen babol 2000	2000	19	1981	2100	6	1	2
green wash detergen hni	2500	19	375	2625	10	1	2
ISOPLUS	3500	2	525	3675	10	1	2
Pampers Baby happy L	3500	3000	500	3675	4	1	2
Ladaku besar	30500	19	4575	32025	10	1	2
bipang mi	2000	1500	500	1800	8	1	2
Terasi Udang samhok	1500	1000	500	1575	0	1	2
Ajinamoto 6000	6000	5000	1000	6300	0	1	2
DANA 50.000	54000	51400	2600	56700	-12	1	2
Kecap  shacet 2500	2500	1000	1500	2700	0	1	2
Nextar 2000 	2500	1900	600	2800	0	1	2
MAMA LEMON 4500	4500	3750	750	4725	0	1	2
TOP KOPI 	1600	1166	334	1700	0	1	2
Rakik kacang	2000	1500	500	1800	6	1	2
Petai /ons 	2800	19	420	2940	10	1	2
peyek  	3000	19	450	3150	10	1	2
pisau cukur gilet	10000	19	9981	10500	9	1	2
pisau cutter 	3000	2000	1000	3150	7	1	2
pisau gilet 1=5500	5500	19	825	5775	10	1	2
DANA 60000	64000	61000	3000	67200	2	1	2
pop ice 5000	5000	3000	910	6000	5	1	2
pop ice sachet	2000	1090	910	2100	5	1	2
Pop Mie 5500	5500	4750	750	5775	0	1	2
pop mie pedes	6500	5000	1500	6825	0	1	2
promag /biji 	1300	633	667	1365	0	1	2
promag 1 kaplet	2000	1500	500	2100	18	1	2
PROMAG 1 kotak	24000	19000	5000	25200	10	1	2
Sagon Bakar	1000	800	200	1500	10	1	2
SUPER PELL	2500	1900	600	2625	0	1	2
Pantane shct	2000	1500	500	2100	0	1	2
Lasegar 1 kotak	10000	8000	2000	10500	9	1	2
Nasi + 2 telor dadar	15000	10000	5000	19000	-1	1	2
DANA 150.000	156000	150500	5500	163800	6	1	2
BUMI AYU 1 Kg	17500	16000	1500	18500	2	1	2
Token Listerik 100.000	104000	101000	3000	105000	-4	1	2
Jagung goreng	1200	800	400	1500	8	1	2
Luwak botol	6500	19	975	6825	7	1	2
rapika 5in1 400 ml	7000	6000	1000	7350	0	1	2
rinso 240gr 5500	5500	4600	900	6000	0	1	2
rinso cair 1000	1200	833	367	1260	-6	1	2
dji sam su	22000	19000	3000	22000	0	1	2
Indomie goreng 1BOX	10500	9000	1500	11025	85	1	2
GG Mild	21000	19	2000	22050	10	1	2
Gudang Baru	22000	19500	2500	23100	0	1	2
INDOMIE / bks	3500	2850	650	3700	-60	1	2
Oreo choclate cream	10500	8700	4000	12000	10	1	2
H mild Bold	12000	10000	2000	12600	9	1	2
YOU C1000	10000	8500	1500	10500	5	1	2
rokok keteng /batangan	2000	1500	500	2100	0	1	2
luffman Merah 	8000	7000	1000	8400	4	1	2
Oreo vanilla cracker	9000	8300	1000	9500	7	1	2
 Mahayana 8000	8000	19	1200	8400	10	1	2
Priyayi 	7000	19	1050	7350	10	1	2
Rave 	14000	12000	2000	15000	-4	1	2
Dodol	1000	800	200	1200	7	1	2
Roti 9999 	12500	11000	2250	13500	9	1	2
token 20	23000	20000	3000	24000	7	1	2
PINO JELLY/BIJI	1500	833	225	1575	10	1	2
 Sampoerna Kretek	15000	14000	1000	15750	10	1	2
PLN	113000	110000	3000	113000	0	1	2
surya batangan	3000	2750	250	3500	0	1	2
 Surya 12	19000	19	2850	19950	10	1	2
 Surya 16	25000	19	3750	26250	10	1	2
 U mild	26000	19	3450	27300	10	1	2
Kerupuk Jengkol	2000	1500	500	2500	9	1	2
Roti Tawar Bantal	9500	17000	1425	9975	10	1	2
HACK PERMEN 2 pcs 1500	1500	1200	300	1700	0	1	2
royko 500 	500	416	84	525	3	1	2
sabun daia batang	1000	19	150	1050	10	1	2
Sabun Ekonomi Krim	3000	1900	1100	3150	9	1	2
Gulali	3000	2500	500	3500	9	1	2
DANA 200.000	206000	201000	5000	216300	8	1	2
Lain2	18500	18500	0	18500	7	1	2
Sabun Lifeboy Batang	5500	4000	1500	5775	0	1	2
sabun lifeboy cair 500ml	37500	19	5625	39375	10	1	2
sabun lux/CITRA 4500	4500	2800	1700	4700	4	1	2
saford gelas 	500	19	75	525	10	1	2
Sajiku tepung Bumbu 	3800	3500	300	4000	0	1	2
Sambal ABC 135ml	8500	6000	2500	8925	0.99	1	2
sambal ABC 3500	3500	19	3481	3675	-1	1	2
sambal saus abc kantong berdiri	15000	13000	2250	15750	10	1	2
sambal sachet cabe	500	19	481	525	9	1	2
sambal terasi abc	2500	1900	600	2625	5	1	2
BABOL permen 3 seribu	1000	19	981	1050	0	1	2
shampoo SACHET	1500	1000	500	1700	-4	1	2
SANDAL BESAR	17000	12000	5000	17850	1	1	2
Koyok salonpas 1bks	11000	8500	2500	4200	2	1	2
santan kara kerucut	3800	3250	550	4000	5	1	2
santan kara kotak	9000	8000	1000	9975	2	1	2
Sangobion 10 Tablet	19000	19	2850	19950	10	1	2
Sangobion 1 Tablet	2000	19	300	2100	10	1	2
Saori Lada Hitam	3000	2300	1000	3200	1	1	2
SAOS TIRAM sachet	3000	2200	1100	3200	7	1	2
sarden mili besar	38000	36000	2000	39000	10	1	2
sarden mili kecil	15500	9000	6500	14000	10	1	2
sarden naraya 425gr 	21000	19800	1200	22000	2	1	2
sarimi isi 2	4500	3500	1000	4725	0	1	2
Telkomsel 3G 3H	15000	13000	2000	16000	0	1	2
saus abc 275ml	18000	17000	1000	18900	9	1	2
saus abc 135ml 8500	8800	7500	1300	9240	0	1	2
nasional 140ml saus 	5500	19	825	5775	10	1	2
sawi hijau 	2000	667	1333	2100	8.5	1	2
sawi hijau bulat	1500	19	225	1575	9	1	2
Sawi Hijau panjang	1500	19	1481	1575	9.5	1	2
sawi putih /ons	2500	1500	1000	2625	0.3	1	2
sawi putih	2300	1294	1006	2415	0	1	2
selada  	1500	19	225	1575	10	1	2
serai  	900	19	135	945	10	1	2
seres bella 90gr	6000	5250	750	6300	10	1	2
shampo clear 80ml	14500	13000	1500	15225	6	1	2
shampo HEAD	25500	22500	3000	26775	8	1	2
shampo head and	12000	10000	2000	12600	10	1	2
shampo lifeboy 170ml	16000	19	2400	16800	10	1	2
shampo lifeboy 70+21ml	8500	19	1275	8925	10	1	2
JELI STIK 	1000	900	100	1050	8	1	2
Permen Hot hot kaki	500	220	280	525	0	1	2
sikat gigi oral b	6500	5750	750	6825	1	1	2
SIRUP FREISS	20000	18000	2000	21000	10	1	2
Sirup Marjan melon	15000	19	14981	15750	10	1	2
Sirup Marjan stoberri	22500	19	3375	23625	10	1	2
Sleek Hand Wash	26500	25000	1500	27825	5	1	2
so clean lantai	5500	4500	1000	5775	9	1	2
so klin pemutih	4000	3500	500	4200	8.5	1	2
Paket bicara 7Hari	27500	24850	2650	28875	10	1	2
so klin lantai 780ml	13000	12000	1000	13650	5	1	2
Sanford 600ml 1dus	38000	35000	3000	40000	0	1	2
Nasi putih	6000	4000	2000	7000	8	1	2
siip bantal	16500	15000	1500	17000	40	1	2
SUPERSTAR KECIL	1500	850	650	1800	25	1	2
Sosis Kimbo 1000	1200	900	300	1260	1	1	2
sotong / ons	5500	19	825	5775	0	1	2
SOY MASTER	5000	3500	1500	5250	0	1	2
spong petak kecil	3000	1600	1400	3200	0	1	2
sprite 5500 	6000	4100	1900	6300	-2	1	2
sukro 20 gram	1500	900	600	1575	-8	1	2
sukro besar 8500	9500	7800	1700	9975	1	1	2
BAKSO IKAN	1500	1200	300	1575	10	1	2
sunlight 210ml 5500	5500	4600	900	5700	0	1	2
sunlight 400ml 10000	10000	9000	1500	10500	9	1	2
sunlight 435ml 11000	11000	19	1650	11550	10	1	2
sunlight 45ml 1500	1500	19	1481	1575	9	1	2
sunlight 95ml 2500	2500	1800	700	2625	-3	1	2
Super Bubur 	3500	19	3481	3675	5	1	2
susu UHT	8000	6600	1400	7350	0	1	2
susu enaakk sachet	2000	1500	500	2100	0	1	2
susu frisian flag kaleng	14000	13000	1000	14700	0	1	2
susu frisian flag kantong besar	2000	1700	300	2100	2	1	2
susu frisian flag sachet	2000	1250	750	2100	-1	1	2
SUSU MASAK	6000	3000	3000	6300	5	1	2
SUSU KANTONG 280ML	7500	7000	500	7875	1	1	2
pulsa 100.000	104000	101000	1500	105000	9	1	2
TERIGU TEPUNG 1/2	6000	5000	1000	6300	1.5	1	2
Tagihan Listrik 	275500	275500	2000	289275	10	1	2
tahu  SEDANG	2500	19	375	2625	10	1	2
Tahu Cina Besar	3000	2500	450	3150	10	1	2
tahu Cina Kecil	1300	800	500	1365	9	1	2
tali rapia 1000	1500	900	600	1575	0	1	2
tanah bakar 	20000	15000	5000	21000	6	1	2
Teh sari murni kantong	5000	4000	1000	5250	10	1	2
tauge toge 	1800	1500	300	1890	10	1	2
tea jus 500	500	19	75	525	10	1	2
teh botol kotak	3000	19	2981	3150	7	1	2
teh botol plastik	5500	4500	1000	5775	6	1	2
Teh Gelas 1000	1000	19	150	1050	10	1	2
teh javana 	4500	3000	1500	5000	2	1	2
teh kotak UJ DINGIN	5000	3600	1400	5250	0	1	2
Teh Prendjak kantong 	1500	1050	450	1575	0	1	2
teh prenjak 25 kotak	6500	5250	1250	6825	5	1	2
Kus kus es	1800	1000	800	2000	8	1	2
teh pucuk 5000	5000	3000	2000	5500	-6	1	2
teh sari murni sachet	2000	1250	750	2100	0	1	2
teh sariwangi 25sachet kotak	7500	5250	2250	8000	0	1	2
teh tarik maxtea	2500	1800	700	2625	0	1	2
TELUR / BIJI	2500	2000	500	2600	-60	1	2
Tempe panjang 7000	7000	19	1050	7350	10	1	2
Tempe 	3000	2500	500	3150	4	1	2
tepung beras rose	8000	19	7981	8400	9	1	2
tepung bumbu bakwan	6500	19	975	6825	10	1	2
tepung kanji 	15000	13000	2000	15750	3.72	1	2
tepung serbaguna sajiku	3500	2800	700	3800	0	1	2
tepung terigu Cakra 	9000	8500	500	9450	9.38	1	2
tepung SEGI itiga	12000	10000	2000	12600	1.9	1	2
sisa hutang nonong	141500	141500	0	141500	9	1	2
TRANSFER	31000	30000	1000	32550	8	1	2
Minyak Tanah Botol kecil	13000	10000	3000	14000	8	1	2
terong bulat 	2500	19	375	2625	10	1	2
TERONG UNGGU /Ons	2500	1200	375	2625	10	1	2
Tic Tac 1000	1000	19	150	1050	10	1	2
Timun / Ons	1000	500	500	1050	7	1	2
tissu basah MITU	12000	19	1800	12600	10	1	2
Tissu Jolly /multi Kecil	5500	4500	1000	5775	8	1	2
tissu PASEO 	13000	10000	3000	13650	7	1	2
Tissu Paseo Kecil	6000	19	900	6300	10	1	2
to white coffe	1500	19	225	1575	10	1	2
PINO JELLY/BKS	7000	19	1050	7350	10	1	2
tolak angin 4000	4500	3250	1250	4725	0	1	2
Tomat Besar 	2750	1800	950	2887.5	0	1	2
tomat Kecil /ons	1500	19	225	1575	10	1	2
Top gula aren	1500	1300	200	1575	-24	1	2
top coffee susu	1500	833	667	1575	0	1	2
Permen 1000	1000	800	200	1200	-2	1	2
Teh cap botol (kotak)	8000	7000	1000	8500	1	1	2
tora cape 1500	2000	19	1981	2100	7	1	2
Gula halus rose brand 250gr	7500	6500	1000	7875	10	1	2
ultraflu 4500 	4500	3250	1250	4725	3	1	2
minyak tanah botol kecil	13000	10000	3000	14000	6	1	2
 axis 3G(5hari) voucher	16500	19	2475	17325	10	1	2
 axis 5G(5hari) voucher	18500	19	2775	19425	10	1	2
 im3 10 gb (bulan) voucher	38500	19	5775	40425	10	1	2
  im3 6 gb (bulan) voucher	28500	19	4275	29925	10	1	2
Tabung Gas	267000	234000	33000	280350	8	1	2
voucher paket telkomsel	19000	19	2850	19950	10	1	2
 chocopie 2000	2000	19	300	2100	10	1	2
wafer gery 	750	500	250	787.5	21	1	2
wafer nabati 	2500	1900	600	2800	6	1	2
superco 1500	1500	19	1481	1575	9	1	2
wi fi 4000	4000	19	600	4200	10	1	2
wi fi 15000	15000	19	2250	15750	10	1	2
wi fi 2000	3000	2000	1000	3150	6	1	2
WI FI 3000	3000	19	450	3150	10	1	2
marina	10000	90000	-80000	11000	6	1	2
wipol cemara 780	19500	19	19481	20475	8	1	2
Wipol CEMARA 460	11500	9500	2000	12075	0	1	2
wortel ons 2000	1500	1800	700	1575	3.1	1	2
Dettol 245g 	23500	19	3525	24675	10	1	2
Dettol110g  	12500	19	1875	13125	10	1	2
sabun dettol  	5500	19	5481	5775	8	1	2
CHARM SAFE NIGHT290	9000	8250	750	9450	4	1	2
vitatoz 2200	2200	1900	1020	2500	10	1	2
HARPIC BOTOL 	22000	19	3300	23100	10	1	2
MERRIES PANTS L-20	3500	2675	525	3675	10	1	2
ATTACK CAIR 	1500	19	225	1575	10	1	2
COTTON FACIAL 	11200	19	11181	11760	9	1	2
HARPIC KANTONG 	6800	19	1020	7140	10	1	2
CHUI HIANG 200G	16500	19	2475	17325	10	1	2
Minyak Kita bantal	18500	16500	2000	19000	0	1	2
Minyak Bulan sabit berdiri	18500	17000	1500	19500	1	1	2
KANTONG ASOY SABLON	13000	12500	500	13650	2	1	2
SERENA TOGO COKLAT	6500	19	975	6825	10	1	2
KACANG 2 KELINCI	5500	5000	500	5775	0	1	2
GOOD TIME COOKIES	8600	8100	500	9030	3	1	2
FRIT TEA GUAVA	3200	19	480	3360	10	1	2
JUSSIE  	2000	1900	100	2100	7	1	2
BALSEM AKTIV 	9500	8000	1500	9975	8	1	2
cukuran goliath	5500	3000	2500	5040	5	1	2
FETTA 900Ml 	13500	19	2025	14175	10	1	2
KACANG 2 KELINCI	3500	2500	1000	3675	6	1	2
 xl 8G voucher	39500	19	5925	41475	10	1	2
 xl 4 voucher	30000	19	4500	31500	10	1	2
 telkomsel 1 voucher	7500	19	1125	7875	10	1	2
AXIS 7GB 5 HARI	23500	21000	2500	25000	4.1	1	2
 karang ikan	4300	19	645	4515	10	1	2
Cimory botol kecil	3000	1600	1400	3500	0	1	2
kopiko bungkus 	11000	9000	2000	11550	9	1	2
Adem Sari Shacet	3000	2500	500	3500	0	1	2
kiss permen 3/1000	1000	700	300	1050	98	1	2
ROSE BRAND KETAN	12500	19	1875	13125	10	1	2
 sukses keremes mie	77000	19	11550	80850	10	1	2
sisa hutang bulan lalu	111100	111100	0	111100	0	1	2
jajan  500	2000	1500	500	2100	0	1	2
barang baru 	0	19	0	0	10	1	2
jajan  1000	1000	800	200	1200	1	1	2
 kerisi ikan asin	8500	19	1275	8925	10	1	2
ban motor 	150000	19	22500	157500	10	1	2
swiss roll 	1500	19	1481	1575	9	1	2
perenjak kantong 	1500	19	225	1575	10	1	2
Jahe Merah AMH 	5000	2000	3000	5250	8.97	1	2
montea  	0	19	0	0	10	1	2
Lipiko agar agar	3500	2000	1500	3150	3	1	2
Cimory 125ml	3500	2600	900	4000	8	1	2
AXIS 5.5GB (15HARI)	23500	21000	2500	24675	0	1	2
 bendera purefarm susu	5200	19	780	5460	10	1	2
ROMA/HATARI MALKIST coklat	7500	6400	1100	7875	3	1	2
Kerupuk warna 	8000	7000	1000	8400	9	1	2
sambal sachet uleg	2000	1700	300	2100	0	1	2
 susu sachet coklat 	2000	19	300	2100	9	1	2
 KERISI IKAN	4300	19	645	4515	10	1	2
permen 1 bungkus/pack	7000	6000	1050	7350	10	1	2
ajinamoto 50g 4000	4500	3000	1500	4800	1	1	2
fetta minyak	8000	19	7981	8400	2	1	2
charm body fit 10 (tidak bersayap)	7000	19	6981	7350	7	1	2
Sandal 16000	16000	13000	3000	16800	6	1	2
Kecap asin	5000	19	4981	5250	10	1	2
 Bangao 275ml Kecap	14500	19	2175	15225	10	1	2
Habatussauda 120 kapsul	68000	19	10200	71400	10	1	2
Sunlight besar 755ml	9000	7500	1850	9450	6	1	2
Sapu lidi	9000	19	8981	9450	8	1	2
Toyaki	1500	19	225	1575	10	1	2
pempes m	3500	3000	500	3675	-1	1	2
Cimori Fresh milk	7500	5500	2000	8000	3	1	2
Habatussauda 120 kapsul	68000	19	10200	71400	10	1	2
pot bunga kecil	27000	19	4050	28350	10	1	2
pot bunga sedang	55000	19	8250	57750	10	1	2
pot bunga besar	75000	19	11250	78750	10	1	2
teh 1500	1500	1300	200	1575	2	1	2
asam jawa 3500	3500	2500	1000	3675	1	1	2
kangkung	2000	1500	-1300	2100	7.6	1	2
paket data im3 1g 30 hari	16000	15000	1000	16800	10	1	2
kecap abc KANTONG 	3500	3000	500	4000	6	1	2
PERTAMAX 92	20000	16500	3500	21000	7	1	2
mentos besar	9000	8000	200	11000	7	1	2
PERTAMAX 92 BTL KECIL	10000	8000	2000	11000	1	1	2
pot bunga kecil	27000	19	4050	28350	10	1	2
Permen Milky	500	400	100	525	0	1	2
Ale Ale 	1100	880	220	1155	7	1	2
Moun tea box	21000	19	3150	22050	10	1	2
Teh Pucuk box	60000	19	9000	63000	10	1	2
shampo clear 80ml	11000	19	1650	11550	10	1	2
tomat 	0	19	0	0	10	1	2
sania	14500	19	2175	15225	10	1	2
nestle ideal	2500	19	375	2625	9	1	2
RACIK NASI GORENG	2500	1500	1000	2625	1	1	2
DANA300000	23000	21000	2000	20000	9	1	2
DANA 80000	83000	80500	2500	84000	10	1	2
ISOLASI BENING	3000	2000	1000	3150	10	1	2
NABATI WAFER	2500	1800	700	2800	-2	1	2
pen C88 / AE7	3000	2000	1000	3150	0	1	2
SO CLEAN LANTAI 1000	1500	900	750	1575	8	1	2
surya 12	26500	24000	2500	28000	-1	1	2
Teh o 	5000	1800	3200	5250	7	1	2
Saus national	6500	5000	1500	6825	9	1	2
jagoan neon	1000	800	200	1050	0	1	2
OLI/TUTUP BOTOL	1000	800	200	1500	-3	1	2
Beras sania	14500	13000	1500	15225	5	1	2
Pertalit + Botol	20000	17000	3000	21000	17	1	2
brush mandi	4000	3000	1000	4200	9	1	2
Kacang Atom	2000	1500	500	2200	10	1	2
Axis 5GB ( 1 bln )Voucher	31000	19	4650	32550	10	1	2
Axis 10 GB 5HARI	23500	21500	2000	24675	0	1	2
 Axis 9GB ( 15 Hari ) Voucher	34000	19	5100	35700	10	1	2
Axis 3 GB (5 Hari )Voucer 	14500	12600	2000	15500	-9	1	2
Axis 5GB (5 Hari )Voucher 	18000	19	2700	18900	9	1	2
IM3 pulsa 10000	13000	11000	2000	14000	1	1	2
Telkomsel 2,5GB ( 7 Hari)Voucher 	21000	19	20981	22050	8	1	2
 XL 5GB (1Bln)Voucher	30000	19	4500	31500	10	1	2
selera pedas ABC cup	6500	19	975	6825	10	1	2
selera sedap cup ABC	6500	19	975	6825	10	1	2
sampurna keretek	16500	14500	2000	17000	-1	1	2
Roti Jagung Unibis 	9000	8000	1000	9450	8.89	1	2
saus abc 380gr	16000	14000	2000	16800	8	1	2
YUM CHIPS	2000	1800	330	2100	0	1	2
NABATI PANJANG	9500	8000	1500	7500	9	1	2
lifebuoy sabun	4500	3000	1500	5500	10	1	2
Payung Warna besar	50000	45000	5000	52500	10	1	2
pisau CUTTER besar	10000	19	1500	10500	10	1	2
Kantong asoy thankyou	8000	5000	3000	8400	13	1	2
plastik bening/ons	6000	4500	1500	6300	5.45	1	2
Rinso Detergen 430g	10500	9500	1000	11025	2	1	2
Fresh tea kecil	4500	3600	900	4800	0	1	2
Lasegar Botol 500ml (biru)	9000	7250	1041	9450	10	1	2
ASAM JAWA 1500	1500	750	750	1575	0	1	2
TOP WAFER	1500	1000	500	1575	0	1	2
CHOCLATOS DARK	2500	1900	600	2800	10	1	2
cho cho stik	1500	1300	200	1700	10	1	2
DANA 30000	34000	31500	2500	35000	4	1	2
luwak gelas	1500	1400	100	1575	0	1	2
Siip 1/5 L	9000	19	1350	9450	10	1	2
teh perinjak shct	1500	1000	500	1575	-3	1	2
ROBO KIDZ	1500	900	600	1575	10	1	2
Bearbrand susu	11500	10000	1500	12000	0	1	2
Salonpas	12000	10000	2000	12600	0	1	2
buku sidu 38 lbr	4500	3800	700	4725	5	1	2
mi goreng sukses 2+2	20000	14000	6000	21000	9	1	2
Amplop	500	400	100	525	0	1	2
Es Batu	3000	1500	1500	3150	-1	1	2
sampurna mentol	28000	26000	2000	29400	7	1	2
mi goreng sukses 1 +2	14500	9500	5000	15225	9	1	2
minyak kayu putih 30 ml	13500	11000	2500	14175	5	1	2
sinti	8500	8000	500	8925	10	1	2
kerupuk 2500	2500	2000	500	2625	0	1	2
sambal Abc 275ml	13500	12000	2025	14175	9	1	2
cabe hijau besar	4000	3000	1000	4200	9.5	1	2
sajiku 250gr tepung bumbu 	7000	19	6981	7350	7	1	2
teh surya kotak 25shct	7000	19	1050	7350	10	1	2
shampoo lifeboy 60	9000	19	1350	9450	10	1	2
teh sariwangi melati	8500	7500	1000	8925	0	1	2
jas jus pop	5000	19	750	5250	10	1	2
bedak baby	0	19	-19	0	10	1	2
AXIS 5G / 7H	20000	18000	2000	21000	9	1	2
masako 500	500	417	83	525	-6	1	2
Apollo wafer	1500	1000	500	1575	10	1	2
Pulsa 20000	23000	20500	2500	24150	-1	1	2
Paket 3 10g 30hari 	32000	29000	3000	33600	9	1	2
hp SX Max strawberry (Android)	0	19	-19	0	10	1	2
Matchis 2500	2500	1800	700	3000	7	1	2
AA	185000	19	27750	194250	10	1	2
PEr	1	19	-18	1.05	9	1	2
photo cetak 2x3 4lbr	4000	3000	1000	1575	5	1	2
print	1500	19	1481	1575	0	1	2
pas photo 2x3  3x4	2000	19	300	2100	10	1	2
Sunco 500ml	0	19	-19	0	10	1	2
print warna full photo	7000	19	1050	7350	10	1	2
print photo 4x6	2000	19	1981	2100	9	1	2
print photo 2x3  3x4 	2000	19	300	2100	10	1	2
hanger	15000	19	2250	15750	10	1	2
tah kotak teh botol	3000	19	450	3150	10	1	2
kerupuk udang milenium	11000	10000	1000	11550	10	1	2
sukro kecil	1500	900	600	1800	5	1	2
paket telkomsel 1g 30hari	27000	25000	2000	28350	10	1	2
kerupuk bangka kyria	19600	18000	1600	20580	10	1	2
ayam goreng	0	0	0	0	2	1	2
Axis vucher 5Gb 1bln	26500	23000	3500	27825	9	1	2
odol Nasa	38000	19	5700	39900	10	1	2
jam PERMEN	1300	900	400	1365	1	1	2
yakult	3000	2500	500	3150	0	1	2
beras BULOG	83000	80000	3000	85000	2	1	2
AIR GELAS	500	19	481	525	8	1	2
mainan kupu kupu lampu	10000	19	1500	10500	10	1	2
pompa air minum led	52000	19	7800	54600	10	1	2
handuk kecil	23500	19	23481	24675	9	1	2
AA	11000	19	1650	11550	10	1	2
permen 500	500	400	100	525	0	1	2
A	16000	19	2400	16800	10	1	2
A	13500	19	2025	14175	10	1	2
A	13500	19	2025	14175	10	1	2
kerupuk 3000	2500	2000	500	2625	7.83	1	2
sayur asam	6500	19	975	6825	10	1	2
daun sop	7000	19	1050	7350	10	1	2
x	1000	19	150	1050	10	1	2
Paket Nelpon 3 Hari	13500	19	12981	14175	9	1	2
a	15500	13500	2000	16275	2	1	2
a	3500	19	525	3675	10	1	2
kertas hvs	500	150	350	525	0	1	2
Ceker	7500	19	1125	7875	10	1	2
Hansaplast 500	500	300	200	525	995	1	2
Jajan	5000	4000	1000	5250	7	1	2
MIE keremes	1500	1000	500	2000	0	1	2
ENAAK SNACK	2000	1800	200	2100	0	1	2
saus abc sachet	1000	19	981	1050	4.5	1	2
a	20000	19	3000	21000	10	1	2
DISKON	0	19	0	0	10	1	2
pisau cukur exactra	9000	8000	1000	9450	9	1	2
DEODORAN	16500	19	2475	17325	10	1	2
Sarden ABC 425 	23000	19	3450	24150	8	1	2
Manisan mangga	6000	5000	1000	6300	5	1	2
panadol	1500	1000	500	1575	0	1	2
EKONOMI CREAM 470GR	6000	5000	1000	6300	0	1	2
BODREX EXTRA 	1500	900	600	1575	0	1	2
INTERBIS PEANUT BISKUIT	15000	13000	2000	15750	7.87	1	2
Aqua kecil 330ml	2000	1500	500	2100	10	1	2
Hansaplas Besar	1000	8500	150	1050	10	1	2
pocari 500ml	8000	6500	1500	8400	1	1	2
ABC KOPI BOTOL	4500	3000	1500	4725	0	1	2
ABC Lechi kotak	7500	19	1125	7875	10	1	2
susu milky kotak besar	5000	3000	2000	5250	1	1	2
De mild	9000	19	1350	9450	10	1	2
Teh sosro kotak	4500	3250	1250	4725	8	1	2
EXPOSS	11000	19	1650	11550	10	1	2
BON LALU	25000	24000	1000	26250	10	1	2
AA	29500	27500	2000	30975	0	1	2
LUFFMAN BOLD	11500	19	1725	12075	10	1	2
MASKER	2000	1500	500	2100	8	1	2
Rinso 770g (Besar )	22000	19	3300	23100	10	1	2
data telkomsel 2gb	39500	19	5925	41475	10	1	2
MILO Kaleng 240ml	10000	9000	1000	10500	1	1	2
TELKOMSEL 2GB /5d	13500	11000	2500	14175	9	1	2
Daia 850g Detergen (Besar)	19500	18000	1500	20500	9	1	2
cotton buds BABY LOVE	6000	4000	2000	6300	5.67	1	2
kacang campur mixed nuts	30000	27000	3000	31500	8	1	2
MILO MASAK	7000	5000	2000	7350	9	1	2
fruit tea 	5500	3750	1750	5775	9	1	2
country choice	6500	5000	975	6825	10	1	2
Roma Biskuit Kelapa 300 g	11000	8500	2500	10500	0	1	2
SABUN EKONOMI KRIM	6000	19	900	6300	10	1	2
bakso sapi	7000	4000	1050	7350	10	1	2
Keripik  3000	3000	2000	1000	3150	6.73	1	2
nuvo 19000	19000	17500	1500	19950	8.88	1	2
PISANG	9000	6000	3000	10000	7.08	1	2
Sanford 600ml	2500	1250	1250	2700	-6	1	2
indomie 5bks - 10bks	3300	2800	500	3465	8	1	2
beng beng kotak	31000	28000	3000	32550	0	1	2
mie sukses A bawng	76000	19	11400	79800	10	1	2
Choclatos sachet	2500	1800	700	2700	-2	1	2
Jarum Besar	12000	19	1800	12600	10	1	2
Fair&Lovely	22500	19	3375	23625	10	1	2
Sanford 600ml dingin	3000	2000	1000	3150	-4	1	2
Lucky day kopi	6000	4800	900	6300	10	1	2
Aquq 600ml dingin	3500	2500	1000	3675	-1	1	2
Kerupuk 5000	5000	3000	2000	5250	9	1	2
Kecap bango 1000	3500	3000	500	3800	3.5	1	2
Milo pop es	6000	19	5981	6300	7	1	2
JOY BOY	1500	1000	500	1575	15	1	2
Obat nyamuk tiga roda	6500	5500	1000	6825	3	1	2
a	1000	19	150	1050	10	1	2
Balsem geliga	7500	5000	2500	7875	10	1	2
Teh ES	4000	19	600	4200	10	1	2
indomie masak	7000	4000	2000	7350	10	1	2
MIE GORENG MASAK	10000	19	1500	10500	10	1	2
aa	1500	1000	500	1575	9	1	2
Kantong bening	5000	3800	1200	5250	9.36	1	2
Sariwangi Kantong 20	6000	19	900	6300	10	1	2
ROTI 3000	3000	2100	900	3500	-12	1	2
Kopi Masak	6000	4000	2000	7000	-3	1	2
Extrajoss kotak besar(12)	15000	11000	4000	15750	6	1	2
AA	23000	21000	2000	24150	1	1	2
Sedaap MIE	3500	2900	600	3700	5	1	2
AA	2000	1500	500	2100	0	1	2
Kerupuk 2000	2000	1900	100	2100	34	1	2
Sanford besar	5500	3500	2000	6000	-3	1	2
Soto medan box	99500	19	14925	104475	0	1	2
Nasi Goreng	12000	10000	2000	12600	6	1	2
Indo Kari Ayam box	103500	100000	3500	108675	10	1	2
Sanford Galon	73000	73000	10950	76650	10	1	2
GALON	54000	50000	4000	56700	0	1	2
MILKY permen 2pcs	1500	1000	500	1575	4	1	2
Lak ban	6000	4500	900	6300	10	1	2
PEN M2000	2500	833	375	2625	10	1	2
WINTER COTTON BUT	2500	583	375	2625	10	1	2
Beras PLATINUM	83000	80000	3000	85000	9.19	1	2
MILKY kotak	3500	2600	900	3700	-3	1	2
SALONPAS LBR	2000	1500	500	2100	1	1	2
spidol 	12500	19	1875	13125	9	1	2
YOUKA  1000	1000	450	550	1050	0	1	2
Foto Copy 	500	19	481	525	0	1	2
OVOBIS	2200	1800	330	2310	10	1	2
I M3 5G 1 BLN	28000	19	4200	29400	10	1	2
Charm non (8)	6500	19	6481	6825	9	1	2
Kecap abc 135 ml	12500	9500	3000	13000	9	1	2
Roma cream coklat	8500	6500	2000	8925	6	1	2
Nissin Kelapa Ijo	8500	7800	1275	8925	10	1	2
Sirup ABC	23000	21000	2000	24150	10	1	2
IM3 pulsa 15000	18000	16000	7000	19000	0	1	2
AA	500	416	112.5	525	10	1	2
UPAH MASAK	6000	4000	2000	5250	0	1	2
Plastik Asoy kecil	7000	5000	1050	7350	10	1	2
Permen 1000	1000	800	200	1050	58.5	1	2
Seres BELLA HAGELMIX	12000	10000	1800	12600	10	1	2
Pertalit 9000	10000	8000	2000	11000	-9	1	2
BELI BARANG2 HALO-HALO	64000	64000	9600	67200	10	1	2
Kaka 1000	1000	800	200	1050	2	1	2
Benecol	7500	19	1125	7875	10	1	2
Ikan Asin Benggol	8000	6000	2000	9000	4	1	2
Mainan	13000	12000	1000	13650	10	1	2
PENSIL JOYKO	2000	833	1167	2100	5	1	2
WIFI 1 hari	3000	2000	1000	3150	1	1	2
WIFI 24JAM	4000	19	600	4200	10	1	2
WIFI 30 HARI	50000	48000	2000	52500	7	1	2
WIFI 7 HARI	15000	19	2250	15750	10	1	2
KERTAS KADO	3000	2000	2000	3150	10	1	2
suun	2500	1800	700	2625	0	1	2
Mi Won 100g 	5000	19	750	5250	10	1	2
pembalut charm 8 Pad ( Wing )	7000	19	6981	7350	9	1	2
pisang tanduk	0	0	10000	0	7.9	1	2
AA	8500	5700	2800	8925	6	1	2
jagung	10000	19	0	10500	10	1	2
Rapika 500	500	19	75	525	10	1	2
print dari internet	2000	1500	500	2100	8	1	2
Garam mama suka	2500	1600	375	2625	10	1	2
Montiss tisu	13000	8500	1950	13650	10	1	2
KISS permen BKS	8000	6000	2000	8400	2	1	2
Pulsa 30000	33000	30500	2500	34650	0.92	1	2
tak terposting	131800	19	19770	138390	10	1	2
POP mie Masak	7000	5000	2000	7350	0	1	2
FETTA 200ML	4000	19	600	4200	10	1	2
TEH cap botol slawi/bubuk	3500	19	525	3675	10	1	2
Handsaplash 500	500	400	100	525	0	1	2
AA	5000	19	750	5250	10	1	2
astra (silet)	6500	19	975	6825	10	1	2
AA	12500	19	1875	13125	10	1	2
TANAH BAKAR	20000	15000	5000	22000	6	1	2
TANAH BAKAR pupuk	18000	19	2700	18900	10	1	2
RINSO BUBUK	1500	833	667	1575	0	1	2
KIRIM UANG	215000	20000	15000	225750	3	1	2
AA	13500	12000	1500	14175	8	1	2
KOPI KAPAL 60gr	8000	7000	1000	9000	0	1	2
ROTI FAMILI 3000	3000	1200	1800	3200	0	1	2
EMY ATOM CRACKERS	20500	19	3075	21525	10	1	2
 KERIPIK PISANG ROSITA OLEH OLEH BINTAN	28500	19	4275	29925	10	1	2
Jelly Gamat GOLD G	155000	100000	55000	162750	10	1	2
ABC SARDINES 425G	23000	19	22981	24150	0	1	2
CDR	48000	19	7200	50400	10	1	2
BESTARI GELAS	500	19	75	525	10	1	2
KAPAL API KOPI 160	15000	13000	2000	15750	2	1	2
Kapal api kopi	2000	1250	750	2100	0	1	2
permewn jahe	500	300	200	600	0	1	2
so clean pemutih 	2500	1900	600	2625	3	1	2
SUGAR CRACKER MORIS	13500	11500	2025	14175	10	1	2
CUKA PERENJAK	3700	3000	700	3885	7	1	2
AA	1500	791	709	1575	4	1	2
pampes maries L	3500	3000	500	3675	0	1	2
pampes maries XL	3500	3000	500	3675	0	1	2
pampes maries XXL	3800	3300	500	3990	6	1	2
sunlight 750 ml	26500	19	3975	27825	10	1	2
CUKA PERENJAK	7000	6000	1050	7350	10	1	2
agar agar LIPIKO	3000	1250	1750	3150	9	1	2
gillet goal clik	10000	8500	1500	10500	6	1	2
 rose brand tapioka  kanji	8000	19	1200	8400	10	1	2
Axis 5?7G 1bln	31000	19	30981	32550	8	1	2
BAYAR HUTANG	0	0	0	0	-19	1	2
Top capucino	2000	1500	500	2100	0	1	2
TISSU TESSA KECIL	2000	1500	500	2100	7	1	2
KERUPUK ATOM	23000	19	3450	24150	10	1	2
tebs teh 500	9500	8000	1500	9975	0	1	2
Kerupuk pletek emmy	20500	19	3075	21525	10	1	2
pop mie dower	7000	5500	1500	7350	3	1	2
tanggo600	8000	6000	1200	8400	10	1	2
SUKUN KERIPIK	11500	10000	1500	12075	2	1	2
ajinamoto1500	1500	900	600	1575	0	1	2
FORTUNE 250ML	6000	5000	1000	6300	10	1	2
tepung terigu JAWARA	8500	7000	1275	8925	10	1	2
ikan kaleng naraya	18500	16000	2500	19425	6	1	2
bawAng birma	3000	1800	1200	3500	0	1	2
AA	0	19	0	0	10	1	2
CHUBA KAKA	2500	1650	850	3000	16	1	2
MAMA LEMON 2500	2500	1800	700	2625	1	1	2
SAMPURNA MILD	36000	35000	1000	37000	-8	1	2
AA	3000	2400	600	3150	5	1	2
sukro 42 gr	3500	19	450	3675	10	1	2
kecap abc kantong 80ml	3500	2750	750	3675	0	1	2
kacang hijau 1/2 kg	24000	19	3600	25200	10	1	2
asam jawa 2500	2500	1800	700	2625	0	1	2
ANTANGIN	4000	3500	500	4200	9.87	1	2
Ekonomi cream 3000	3000	1800	1200	3150	0	1	2
AIR GALON	6000	5000	1000	6300	-1	1	2
SABUN CAIR LIFEBOY	17500	19	2625	18375	10	1	2
HARUMAS beras	17000	15600	900	18000	0	1	2
KELAPA COOKIES	11500	9000	2500	12075	0	1	2
milo aktiv go	6500	4500	2000	6800	5	1	2
kopi kapal api special 165 g	14000	12000	2000	14700	0	1	2
AA	3400	3000	400	3570	0	1	2
AYAM BAWANG MIE 	3500	2850	650	3675	4	1	2
rokok ketengan /batangan	1000	900	100	1050	-14	1	2
Rosta 1500	1500	900	600	1575	0	1	2
Sunsilk shampoo	5500	19	825	5775	10	1	2
Ikan Asin selar belah	8500	19	1275	8925	7	1	2
Ikan Asin Kerisi Belah	9500	19	9481	9975	5.9	1	2
Tamban	25000	18000	7000	26250	10	1	2
KOYOK CABE	1500	1100	400	1575	0	1	2
Labu Siam	1500	909	225	1575	10	1	2
Kacang Panjang	2500	1500	1000	2625	3	1	2
lifebuoy kantong 250 ml	16200	19	2430	17010	10	1	2
lifebuoy kantong 450 ml	27500	19	4125	28875	10	1	2
Sari wangi isi 25	7000	5500	2200	7350	2	1	2
Bedak Cussons Baby 300g	15000	19	16481	15750	9	1	2
AA	8500	19	1275	8925	10	1	2
Bedak Cussons Baby 75g	5000	19	750	5250	10	1	2
AA	50000	19	7500	52500	10	1	2
Paket Tsel 500MB	15500	19	2325	16275	10	1	2
unibis	8500	7500	1000	8925	9	1	2
Balsem Caplang 10g	7500	5000	2950	7875	7	1	2
AA	100000	90000	10000	105000	6	1	2
ROTI BANTAL FAMILY	10000	19	1500	10500	10	1	2
AA	3000	2000	1000	3150	0	1	2
Surya 16	35000	33000	2000	36750	0	1	2
 im3 6gb voucher	29000	19	4350	30450	10	1	2
 telkomsel 1.5gb voucher	9000	19	1350	9450	10	1	2
PAKET DATA AXIS 1,5 G 1Hari	18000	19	2700	18900	10	1	2
BON bayar	50000	48500	1500	52500	3	1	2
photo copy	500	400	100	525	7	1	2
kecap 2500	2500	2000	750	2625	0	1	2
Sanford gelas	700	400	300	735	8	1	2
charm safe night 420mm	22500	19	3375	23625	10	1	2
CHA CHA	1000	833	167	1050	0	1	2
charm body fit 10 pad non wing	8500	19	1275	8925	10	1	2
AA	3000	19	2981	3150	0	1	2
MY LOLLY	1500	19	225	1575	10	1	2
IM3 pulsa 25000	28000	26000	13000	29000	4	1	2
XL 6G(1 bln) voucher	32000	19	4800	33600	10	1	2
AXIS 5GB(15 hari) voucher	22000	20000	2000	23100	10	1	2
Pandan cream cake	1200	19	180	1260	10	1	2
sapu lantai (wu chen)	23000	19	3450	24150	10	1	2
sapu lantai (wu chen)	20000	19	3000	21000	10	1	2
BUKU GAMBAR tipis	2500	1520	980	2625	2	1	2
MANCIS MAGIC	2500	19	2481	2625	3	1	2
TIN TIN 202 WATT	26000	19	3900	27300	10	1	2
AA	0	19	0	0	10	1	2
ISOLASI KABEL	4000	19	600	4200	9	1	2
DOUBLE FOLIO	350	19	52.5	367.5	10	1	2
BUKU ISI 38 	5000	4000	1000	5250	0	1	2
BUKU ISI 58	5500	4000	1500	5775	9	1	2
charm safe nught 350mm	9000	7000	2000	9450	1	1	2
charm safe nught 350mm	18000	16000	2000	18900	8.67	1	2
ajinamoto 2500	2500	1800	700	2625	6	1	2
cho cho coklat bar	1500	1200	300	1575	-1	1	2
AA	2500	19	375	2625	10	1	2
pro cold	6000	3600	900	6300	10	1	2
kantong plastik ikat	2000	1000	1000	2500	9	1	2
kopi brasmama 135 gr	5500	19	825	5775	9	1	2
AA	18500	0	18481	19425	9	1	2
YUPI 2BKS  1500	1500	1100	400	1575	0	1	2
CUKA APEL	40500	35000	5500	42525	10	1	2
KANTONG ASOY	8000	6500	1500	8400	10	1	2
NESCAFE CLASIC	1500	800	700	1800	21	1	2
TEH CAP POCI 15PCS 	7000	5000	2000	7350	9	1	2
TEH CAP POCI AROMA VANILA	3500	19	525	3675	10	1	2
Pantene  75ml	14500	19	2175	15225	10	1	2
Tepung sasa kentucky	2500	19	375	2625	10	1	2
mentega palmia	4500	19	675	4725	10	1	2
SAJIKU BUMBU MASAK	2500	1750	750	2625	10	1	2
AXIS 8GB(5Hr) 	23000	19	3450	24150	10	1	2
AXIS 9GB(15Hr)	34000	19	33981	35700	9	1	2
TELKOMSEL 2 GB 3hari	11500	9000	2500	12075	0	1	2
bella economy pack	6000	19	5981	6300	9	1	2
Mama Lemon 9500	9500	8700	800	9975	9	1	2
Kecap ABC 275ml(besar)	21000	19500	1500	22000	2	1	2
kecap ABC manis 135ml	8500	7250	2100	8925	7	1	2
pampers merries kantong	3000	2000	1000	3150	10	1	2
DEPOSIT 	400000	400000	0	420000	10	1	2
Teh Rio	1500	900	600	1575	0	1	2
kERUPUK IKAN PUTIH	2000	19	1981	2100	3	1	2
BUMI AYU 5KG	83000	80000	3000	85000	1	1	2
HOT HOT permen	1000	531	469	1050	0	1	2
TEH SOSRO BOTOL	6000	5000	1000	6300	6.67	1	2
Lazery Permen	1000	19	150	1050	10	1	2
GP Rokok	27000	25000	2000	28350	0	1	2
Palmeta Minyak Goreng Besar	26000	19	3900	27300	10	1	2
Babol Permen Karet	2500	1700	800	2625	0	1	2
Dudukan Handphone	60000	19	9000	63000	10	1	2
fortune 2Lt	0	19	4275	0	10	1	2
Nuvo cair besar	22000	19	3300	23100	10	1	2
PEPSODENT 190GR BESAR	15000	13000	2000	15750	8	1	2
mawar Air viva	6500	19	975	6825	10	1	2
Sambal  ABC EXTRA 380	15500	13500	2000	16275	2	1	2
sambal terasi abc	2000	19	1981	2100	3	1	2
panahan permen	1500	19	225	1575	10	1	2
kapas selection	6500	5250	1250	6825	9	1	2
POP MIE SEDAP	5500	19	5811	5775	9	1	2
Kelapa Parut	9500	19	1425	9975	10	1	2
MERICA BUNGKUS	1000	19	981	1050	7	1	2
sedaap kecap manis225	9200	19	1380	9660	10	1	2
AA	10500	19	1575	11025	10	1	2
Delmonte sambal extra hot	7000	19	1050	7350	10	1	2
Bumbu sop cap ketam	1700	19	255	1785	10	1	2
Tissu Jolly	12000	8000	4000	13000	10	1	2
Teh Perenjak 25 shct	7000	6000	1000	7350	6	1	2
kita Minyak	18000	16500	1500	19000	0	1	2
Sukro 5500 (70 gr)	5500	19	825	5775	10	1	2
Pineapple Puff Biskuit	12500	19	12481	13125	9	1	2
Bebola Ikan Carrot 500gr	24500	19	3675	25725	10	1	2
Sendal Swallow	13500	11000	2500	14175	10	1	2
AA	2500	1500	1000	2625	10	1	2
PENA CAIR YOEKER	4500	19	4481	4725	5	1	2
PENSIL 2B	2500	2000	500	2625	10	1	2
TELUR 1 PAPAN	63000	59000	4000	65000	5	1	2
sabun nuvo	3500	2000	525	3675	10	1	2
MIE GELAS	1500	900	600	1575	3	1	2
chocopie	2500	1750	750	2800	-3	1	2
Luffman Silver	8000	6000	2000	8400	10	1	2
Geliga Balsem Otot 10g	7500	19	1125	7875	10	1	2
Neo Napacin 	1500	1200	300	1575	7	1	2
GOOD TIME	1200	1000	200	1260	0	1	2
Tabung Gas LPG	150000	19	22500	157500	10	1	2
kerupuk 1500	1500	1200	300	1575	8	1	2
Jeruk Kunci	2000	19	300	2100	10	1	2
Bakso Citra Solo	5000	19	750	5250	10	1	2
lem Artico 102	3000	1666	1334	3150	0	1	2
Beng beng Maxx	3500	2800	700	3700	9	1	2
palmata 900ml	19500	18000	1500	20475	10	1	2
Charm 10 pads wing	10500	9500	1000	11500	6	1	2
Lem setan wishco	8500	7000	1500	8925	2	1	2
Tambah Hutang	30000	28000	2000	30000	9	1	2
NUVO KANTONG	16200	19	2430	17010	10	1	2
PAKET BICARA 7 HARI	31000	28500	2500	32550	10	1	2
TANGGO WAFER 2500	2500	2000	500	2625	3.8	1	2
Kantong Asoi Hitam Besar	15000	13000	2000	15750	10	1	2
AA	3500	19	525	3675	10	1	2
Popmie Pakai Nasi	6000	19	5981	6300	9	1	2
Laurier Active Day isi 10	7000	6000	1000	7350	9	1	2
Viva Air Mawar	6500	19	975	6825	10	1	2
Siip Berdiri 900ml	18500	16500	2000	19425	7	1	2
AA	8500	19	1275	8925	10	1	2
permen balon	1500	900	600	1575	0	1	2
SUPER BUBUR 1500	1500	1200	300	1575	5	1	2
Ikan asin mata besar	8000	19	1200	8400	10	1	2
Print Warna	3000	2000	1000	3150	0	1	2
CAMILLA 1L	16000	14000	2000	16800	2	1	2
tanggo 24 g	1500	1000	500	1575	0	1	2
WIPOL5000	5500	5000	500	5775	9	1	2
kerupuk 1000	1000	19	1041	1050	9	1	2
axis 2.5G 5hari	13000	12000	1000	13650	0	1	2
detol 100gr	7500	6000	1500	8000	6	1	2
Palmia Mentega	10500	9500	1000	11025	8.9	1	2
TOP WHITE COFFE(rtng)	1800	1500	300	2000	8	1	2
PECEL	12000	19	0	12600	10	1	2
LEM GLUE STIK	5500	19	5481	5775	9	1	2
AA	500	19	511	525	8	1	2
Bilis 7000	7000	6000	500	7350	7.8	1	2
Bilis 13000	13500	12000	1500	14175	0.55	1	2
Energen kacang hijau	2500	1900	600	2625	8	1	2
EXTRAJOSS (kotak kecil)	8000	6500	1500	8400	7	1	2
Pop es 5000	5000	4000	1000	5250	-2	1	2
KOPI KAPAL API SCHT	2000	1500	500	2100	-2	1	2
Kacang campur 4000	2500	2000	500	2625	5.75	1	2
sari gandum 	8500	6500	2000	9000	2	1	2
HD	12000	9000	3000	13000	-8	1	2
Es LILIN	1000	800	200	1050	7	1	2
Tel 2G/5D	13000	11500	1500	13650	10	1	2
Bumbu sop antelope	1500	800	700	1575	3	1	2
Chomp Ice Cream 	11500	9900	1600	12075	10	1	2
Pop es sachet	2000	1800	200	2500	1	1	2
Hot hot POP	500	900	75	525	10	1	2
SAJIKU NASI GORENG	2500	1750	750	2625	4	1	2
Nitchi Astor	4000	3500	500	4500	9	1	2
AA	600	400	90	630	10	1	2
AA	3500	19	525	3675	10	1	2
AA	4500	3800	700	4725	10	1	2
TELKOMEL DATA 2G 30 HARI	34000	31000	3000	35700	9	1	2
Brasmama Kopi 	8500	6500	2000	8925	10	1	2
DANA 20 000	23000	21000	2000	25000	5	1	2
DANA 90000	94000	91000	3000	98700	9	1	2
A	1500	1000	500	1575	0	1	2
choclat pasta	1000	900	100	1050	7	1	2
FRESH TEA	5500	4833	667	5775	9	1	2
Desaku marinasi	1200	900	300	1260	5	1	2
kantong asoy 2kg	3500	2000	1500	3675	10	1	2
pisau cukur gillet	7500	19	1125	7875	10	1	2
mie masak	11000	7000	4000	12000	8	1	2
Daya Stick	2000	1750	0	2100	10	1	2
AA	0	19	0	0	10	1	2
SANDAL	14000	10000	4000	14700	7	1	2
AA	9000	7000	2000	9450	10	1	2
Pocari 350ml	7000	5500	1500	7350	2	1	2
Sanford gelas dingin	1000	19	981	1050	4	1	2
S MILD MENTOL	23000	21500	1500	24000	-1	1	2
AA	60000	56000	4000	63000	9	1	2
tepung Ketan	12500	19	1875	13125	10	1	2
pena TREND(hitam)	4500	19	675	4725	9	1	2
spidol loose leap	12500	19	1875	13125	10	1	2
penghapus STEADLER	3000	19	2981	3150	9	1	2
TIP EX cair	6500	19	975	6825	10	1	2
FITRI 400 ml	10000	8700	1300	11000	7	1	2
pena bening	2500	19	375	2625	10	1	2
pisau cukur ninso max	3500	2500	1000	3675	10	1	2
jarum pentol	6500	19	975	6825	10	1	2
simpati 2g 5hr	11000	19	1650	11550	10	1	2
TOTAL BON	170000	19	25500	178500	10	1	2
AA	32000	32000	4800	33600	10	1	2
AA	0	0	0	0	10	1	2
balon	1000	400	600	1050	6	1	2
kERUPUK kERING	1200	19	180	1260	10	1	2
Cek hutang	0	19	0	0	10	1	2
AA	9000	19	1350	9450	10	1	2
Pulsa 50000	53000	50500	2500	55650	0	1	2
ikan asin plate	8000	7000	1000	8500	10	1	2
Kertas folio	500	400	100	525	0	1	2
belanja 	24000	11200	3800	25200	10	1	2
mentos 3 1000	1000	600	981	1050	1	1	2
spong kawat 	4000	3000	1000	4200	9	1	2
bunga kol	0	19	0	0	10	1	2
spong scotch brite	3500	2500	1000	3675	8	1	2
bunga kol	3500	19	525	3675	10	1	2
INDOMIE AYAM BWNG	3500	2800	700	3700	4	1	2
pisau silet	2000	1500	500	2100	7	1	2
ketumbar bungkus	1000	19	981	1050	0	1	2
gas elpiji delivery/bon	23000	18000	5000	24000	-3	1	2
DATA TELKOMSEL 5G 30H	30000	27000	3000	31500	9	1	2
NUGET	16500	19	2475	17325	10	1	2
AA	12000	19	1800	12600	10	1	2
Pulsa 100000	103000	100000	3000	105000	0	1	2
Komix	2500	1700	800	2625	0	1	2
COCORIO	500	400	100	525	0	1	2
Agar agar 500	1500	1000	500	1575	1	1	2
AXIS 2,5GB 3 Hari	12000	11000	1000	13000	5	1	2
fair lovely	14500	19	2175	15225	10	1	2
AA	0	19	0	0	10	1	2
AA	17000	17000	2550	17850	10	1	2
TISU NICE BESAR 180	8500	19	1275	8925	10	1	2
AA	0	19	0	0	10	1	2
SAWI KAILAN/ONS	7500	19	1125	7875	10	1	2
AQUA BESAR	7000	5500	1500	7500	-1	1	2
AQUA 600ml	3000	2600	400	3500	7	1	2
CHOCLATOS STIK	1500	1000	500	1800	0	1	2
Pinjam Uang	10000	19	1500	10500	10	1	2
buat surat	5000	19	4981	5250	8	1	2
Nutrisari mangga	0	19	1981	2100	7	1	2
silet	2000	900	1100	2100	-1	1	2
ayam segar	450	19	67.5	472.5	9	1	2
malkist roma	9000	8000	1000	9450	0	1	2
Roga/buk sundari	215	19	32.25	225.75	10	1	2
agar agar jelly2000/biji	3000	19	2981	3150	9	1	2
panina 900ml	18000	16000	2000	19000	2	1	2
fruit tea krucut 	3500	2500	1000	3675	7	1	2
AA	15000	12300	2250	15750	10	1	2
PELANGGAN	0	19	0	0	10	1	2
sedaap cup	5500	4600	900	5775	5	1	2
Fermifan	5500	19	825	5775	10	1	2
Redbull	9500	7000	2500	9975	0	1	2
tepung roti	10500	19	1575	11025	10	1	2
slai olai	8500	7000	1500	8925	8	1	2
ROSEBRAND TAPIOKA	8000	19	1200	8400	10	1	2
SEGI TIGA BIRU 500GR	7500	19	1125	7875	10	1	2
TEPUNG PANIR	11000	19	1650	11550	10	1	2
Sanford Besar dingin	6000	4000	2000	6300	0	1	2
AA	2000	19	300	2100	10	1	2
AA	11000	19	1650	11550	10	1	2
CHOCLATOS BOTOL	7000	5750	1250	7350	8	1	2
vervet nabati	2000	19	300	2100	10	1	2
PAK AGUS AL	0	19	0	0	10	1	2
AA	0	19	0	0	10	1	2
SASA tepung bumbu crispy	3000	19	450	3150	10	1	2
SJIKU tepung bumbu pedas	3000	19	450	3150	10	1	2
Sajiku Tepung bumbu pedas	3000	2400	600	3150	7	1	2
CUKURAN SCHICK EXACTA	9000	7000	2000	9450	1	1	2
xl 2g	13500	11500	2000	14175	9	1	2
Indomi masak 12000	12000	7000	5000	12600	2	1	2
PANAHAN	2000	1500	500	2100	6	1	2
PAK JUN	13000	19	1950	13650	10	1	2
mixagrip flu 1 ppn	4500	3500	1000	4725	2.65	1	2
AA	0	19	0	0	10	1	2
AA	0	19	0	0	10	1	2
kopi nongkrong	1500	1000	500	1600	14	1	2
Tien	0	19	0	0	10	1	2
BABOL 500	500	300	200	525	44	1	2
massage oil lemongrass	40000	19	6000	42000	10	1	2
kacang ijo	2500	2400	375	2625	10	1	2
donuts gery 	500	19	75	525	10	1	2
Mentos  Panjang	3000	2072	928	3150	0	1	2
AA	1000	19	150	1050	10	1	2
ice snack permen	1000	19	150	1050	10	1	2
aa	4500	3000	1500	4725	9	1	2
Aji Ichiban	1500	900	600	1800	0	1	2
AA	7000	19	7681	7350	9	1	2
Coklat Bubuk	3500	19	525	3675	10	1	2
Cheddar	11000	19	1650	11550	10	1	2
PINJAM UANG	0	19	0	0	10	1	2
ozlo cookies	2300	1900	400	2415	10	1	2
Jacker potato	19000	17000	2000	20000	2	1	2
lfebuoy botol besar	37500	19	5625	39375	10	1	2
beng beng max kotak	27000	19	4050	28350	0	1	2
cusson baby 150g	23500	21500	2000	24675	10	1	2
Gula 500 gr	8500	8000	500	9000	0	1	2
ciptadent besar	9500	19	1425	9975	10	1	2
Rainbow ballpaint	4500	19	675	4725	0	1	2
AA	1500	900	600	1575	0	1	2
AA	29000	25000	4000	30450	0	1	2
ketupat	3500	19	525	3675	10	1	2
Pulsa 75000	78000	75500	2500	81900	8.97	1	2
AA	1500	19	1481	1575	6	1	2
Pulsa 25000	27000	25500	1500	28000	0	1	2
NESCAFE KALENG	10500	9000	1500	11025	7	1	2
SARIMI GELAS	1500	900	600	1575	0	1	2
RIZKI 850mL botol	19000	18000	1000	20000	1	1	2
Pena Kenko Cair	4500	4000	500	4725	8	1	2
SOVIA 500ML botol	10000	9000	1000	10500	2	1	2
korek api kotak	4000	3000	1000	4200	7	1	2
SEWA MOTOR/HARI	50000	19	7500	52500	10	1	2
SEWA MOTOR/JAM	20000	19	3000	21000	10	1	2
kertas nasi	300	150	150	315	44	1	2
Tora cafe botol	4000	3000	3981	4200	10	1	2
JOJO PAK KERUPUK	2000	1700	300	2100	10	1	2
OPAK PADANG	1500	1000	500	1575	-4	1	2
Kuku Bima Sachet	1500	905	595	1575	0	1	2
Aqua besar dingin	7500	5500	2000	7875	0	1	2
Pertalit + Botol	19000	15000	4000	20000	0	1	2
Shampoo shachet	2000	1500	500	5775	2	1	2
Bakso ikan bks besar	25000	20000	3750	26250	10	1	2
AA	7000	4000	3000	7350	9	1	2
Bakso ikan Kecil	17000	13000	2550	17850	10	1	2
Simpanan	20000	20000	3000	21000	10	1	2
AA	1500	100	1400	1575	7	1	2
Kaki permen	500	400	100	525	0	1	2
76 Djarum	14500	13000	2175	15225	10	1	2
Sedaap Ayam Bakar Limau	110000	100000	10000	115500	10	1	2
Sedaap Goreng BOX	110000	10000	100000	115500	10	1	2
Sedaap Ayam Bawang Telur	103400	19	15510	108570	10	1	2
kerupuk keriting tanjung pinang	1000	800	150	1050	10	1	2
Djarum 76	15000	13000	2250	15750	10	1	2
Sedaap kecap 135ml	9500	8500	1000	9975	9	1	2
BON SNACK	2500	1800	700	2625	6	1	2
SUPERSTAR 2500	1500	1000	500	2000	6	1	2
BON CABE 15	14500	19	2175	15225	10	1	2
BON CABE snack 15g	1500	1200	300	1575	10	1	2
BON CABE SACHET	2000	1500	500	2100	3	1	2
TEH MASAK	5000	4000	1000	5250	3	1	2
BETTER SACHET	2500	1900	600	2625	1	1	2
Sampurna kecil	25000	22800	2200	26250	7	1	2
Citra sabun batangan	5000	4000	1000	5250	8	1	2
Shinzui sabun batangan	6000	5000	1000	6300	4	1	2
Indomi goreng besar	4000	3300	700	4200	7	1	2
Antaka sambal balado	6500	5000	975	6825	10	1	2
Bon Cabe KAKA	2500	1800	700	2625	6	1	2
Telkomsel paket	8500	6500	2000	8925	8	1	2
TARO	2500	1800	700	2625	-1	1	2
Rose brand beras	9500	8000	1500	9975	9	1	2
Tas pinggang	19000	15000	2850	19950	10	1	2
TIDAK DIPOSTING	40000	19	6000	42000	10	1	2
Penggaris Karet 	3500	2500	1000	4000	9	1	2
AA	0	0	1425	0	10	1	2
SHAMPOO 1500	1500	1000	500	1575	0	1	2
CLOSE UP	15000	13500	1500	15000	4	1	2
KARTU REMI	5000	3500	750	5250	10	1	2
LEM KERTAS POVINAL	3000	2000	450	3150	10	1	2
Pop corn	3000	2500	500	3150	5	1	2
Pop kembang gula	3000	2500	500	3150	0	1	2
Fibra kawat gosok	2500	19	375	2625	10	1	2
PA-PA	500	275	75	525	10	1	2
KISPRAY	4500	3500	1000	4725	10	1	2
Rapika 250 ML	4500	3500	1000	4725	0	1	2
Bro Mild	15000	19	2250	15750	10	1	2
SAUS abc 130ml	9000	7500	1500	9500	8	1	2
FRESH CARE	14000	12000	2000	14700	9	1	2
Bon TGL 23/11/21	23000	19	3450	24150	10	1	2
KHONG GUAN	19500	18000	1500	21000	9	1	2
ROMA kelapa CREAM	10500	8700	1800	11025	4	1	2
BETTER BISCUIT isi 10	8500	8500	1000	9000	1	1	2
DESAKU Ketumbar	1500	1200	300	1575	1	1	2
Go Pay	13000	11000	2000	13650	4	1	2
Indomi kari ayam box	109000	104000	5000	114450	10	1	2
Sedaap kecap 220ml refill	16000	14000	2000	16800	7.99	1	2
Tim Tam 	1200	19	1181	1260	10	1	2
AA	17500	16000	1500	18375	9	1	2
Aqua 600ml dingin	3500	2500	1000	3675	1	1	2
Jawara tepung	9000	8000	1000	9450	81	1	2
NUVO 4500	4500	3600	900	4800	0	1	2
INDOMILK 115ml	3500	2500	1000	3675	10	1	2
Rexona sachet	3000	1900	1100	3150	1	1	2
Neo remasil	1500	1200	300	1575	0	1	2
TOPI	15000	10000	5000	15750	10	1	2
SHORT CAKE	9500	8500	1000	9660	0	1	2
CUSSONS 75GR	6800	5400	1400	7140	2	1	2
Mentos Roll Mini	1500	860	640	1575	10	1	2
kopi gelas dingin	1500	800	700	1575	7	1	2
KOTAK NASI GABUS	600	400	200	630	10	1	2
Raja Platinum	15000	12800	2200	15750	5	1	2
YOGU agar-agar	1000	500	500	1050	8	1	2
SEDAAP SOTO	3500	3000	500	3675	1	1	2
GU LIN POBAT SAKIT GIGI	2000	1500	500	2100	10	1	2
BUBBLE BOL	1500	900	600	1575	5	1	2
ALE ALE DINGIN	1500	1000	500	1700	-3	1	2
AA	9500	8000	1500	9975	3	1	2
sunlight colet	2500	1800	700	2625	6	1	2
ASTRA 1PCS	2000	1000	1000	2100	9	1	2
RESTO 450ML	9200	8000	1000	9600	7	1	2
Sukses keremes	4500	4000	500	4700	-6	1	2
aa	2200	2000	200	2500	86	1	2
KIT MOTOR	2000	750	1250	2100	10	1	2
BAE TEH O	2500	1700	800	2625	5	1	2
SUSU KOTAK BENDERA BESAR	6500	5250	1250	6825	2	1	2
SAJIKU SACHET	2500	1600	900	2625	9	1	2
AA	1500	1000	500	1575	5	1	2
MILKY BESAR	6000	4000	2000	6300	-3	1	2
JHONSON 100gr	0	7500	1500	0	10	1	2
JOKO MAKAREL	9000	8000	1000	9450	4	1	2
TEPUNG TERIGU SETENGAH KILO	6000	5500	500	6300	8	1	2
BALON 500	500	400	100	525	-1	1	2
MILO KTK 180ML	7000	5000	2000	7350	0	1	2
kopi susu masak	6000	5000	1000	6300	0	1	2
CHIP 1B	68000	65000	3000	71400	78	1	2
TEH KOTAH UJ	5000	3500	1500	5250	4	1	2
AA	15000	12000	3000	15750	2	1	2
AA	0	19	0	0	10	1	2
SPRITE KECIL	4000	3000	1000	4200	0	1	2
FLO	0	19	0	0	10	1	2
PULSA 25000	28000	26000	2000	29400	-1	1	2
TEMPAT TELOR	500	300	200	525	0	1	2
V3	28500	26000	2500	29925	9	1	2
KATES MASAK	9000	7000	2000	9450	7.9	1	2
AA	2000	1600	400	2100	2	1	2
NU YOGURD BESAR	6500	5000	1500	6825	10	1	2
KURANG BAYAR 	900	900	0	900	1	1	2
CIPTADENT 75GR	6000	4500	1500	6300	9	1	2
BUAH VITA 250ML	9000	8000	1000	10500	0	1	2
AA	1500	1000	500	1575	9	1	2
charm s night290	6000	4750	1250	6300	2	1	2
GORENGAN	1000	500	500	1050	9	1	2
Sarung Tangan Kain	5000	3500	1500	5250	3	1	2
brush plastik	12500	10000	2500	13125	8	1	2
brush kayu nilon	5000	3500	1500	5250	9	1	2
sikat kawat	4000	2500	1500	4200	5	1	2
sikat kuali	4000	2500	1500	4200	9	1	2
permen tangkai	800	500	300	840	3	1	2
PERMEN 1500	1500	1000	500	1575	1	1	2
JELLY 1500	1500	1000	500	1575	0	1	2
MINO YOGO	3000	1000	2000	3150	9	1	2
JELLY BON JIGGO	2000	1000	1000	2100	7	1	2
AA	13500	10000	3500	14175	9	1	2
SOLAR BOTOL 	17000	15000	2000	17850	0	1	2
ENVIO	11500	9250	2250	12075	5.8	1	2
Minyak kayu putih 15ml	7500	5800	1700	7875	2	1	2
XL 3,5G	17000	14500	2500	17850	9.85	1	2
chocki stix	2200	1900	300	2500	5.83	1	2
kazebo lap	12000	10000	2000	12600	9	1	2
Saus Tomat besar ABC	12000	10000	2000	12600	9.83	1	2
HD PER BATANG	1500	1000	500	1575	6	1	2
PIA 2000	2500	1800	200	2625	2	1	2
UC 1000	9000	7000	2000	9450	7.63	1	2
IM3 pulsa 30000	33000	31000	2000	34000	9	1	2
BONIBOBN	1500	1200	300	1575	1	1	2
AA	2500	2000	500	2625	8	1	2
ULTRA MILK UHT	8000	6600	1400	9000	4	1	2
AUTAN 2BKS 1500	1500	1000	500	1575	12	1	2
Rokok keteng 1500	1500	1000	500	1575	0	1	2
DJI SAM SU HITAM	21000	19000	2000	22000	1	1	2
Prenjak lemon tea	2000	1200	800	2100	9.6	1	2
IM3 pulsa 50000	53000	51000	3000	54000	8	1	2
peletek 5000	5000	4000	1000	5250	3.8	1	2
popo snex 3000	3000	2000	1000	3150	9	1	2
saltcheese	11000	9500	1500	11550	0	1	2
BETTER ISI 3	2500	2000	500	2625	0	1	2
KIPANG	2200	2000	200	1050	4	1	2
AA	1500	1000	500	1575	6	1	2
SILVER QUEEN	8500	7000	1500	8925	4	1	2
SHINZUI 8esar	6000	4750	1250	6300	0	1	2
desaku kunyit	1500	1000	500	1575	1.67	1	2
AA	0	3500	500	0	9	1	2
DATA SUDAH DISIMPAN	0	0	0	0	0	1	2
GUKURAN PAECISON	5000	2000	3000	5250	9	1	2
AA	5000	4000	1000	5250	0	1	2
tepung kanji ons	1200	1000	200	1260	6.83	1	2
telur ayam 5 biji lebih	2200	1900	300	2600	0	1	2
MARSHMELLOW S	1500	1000	500	1600	8	1	2
ARDEN ROMA 8PCS	7500	6750	750	2625	1	1	2
WAFFEL	2500	1800	700	2800	3	1	2
CUCU	1300	1000	300	1365	18	1	2
GIVE SABUN	4500	2750	1750	4725	0	1	2
KRIS BEE	2500	1800	700	2625	10	1	2
BULAN SABIT 900ML	17500	15500	2000	18000	1	1	2
WAFFELO WAFER	2500	1800	700	2600	0	1	2
AIR GALON	6000	5000	1000	6300	0	1	2
INDOMI 15000	15000	12000	3000	15750	8	1	2
LAMBAT BAYAR(5%)	116814.5	106195	10619.5	122655225	7	1	2
Discount Rp 100	-100	100	-200	-105	4	1	2
Discount Rp 200	-200	-200	0	-210	10	1	2
AA	17500	14500	3000	18375	6.5	1	2
skam	10000	9000	1000	10500	3	1	2
Cukuran GOAL kuning	10000	8000	2000	10500	0	1	2
AA	12000	8000	4000	12600	0	1	2
kiss	1000	600	400	1050	20	1	2
PANGSIT	1000	800	200	1050	20	1	2
RUGBY	1000	800	200	1050	20	1	2
PERTALITE 18000	18000	14000	4000	19000	-55	1	2
caterpilar jeli	1000	500	500	1050	17	1	2
ktp kopy 10lbr	4000	2500	1500	4200	99	1	2
botol 1.5 l	1500	1000	500	1575	8	1	2
kardus kotak aqua 3000	3000	1000	2000	3150	2	1	2
pulpy	5500	4500	1000	5775	5	1	2
plastik bening besar	2000	1500	500	2100	47.5	1	2
vave obat nyamuk	7000	6000	1000	7350	2	1	2
COTTON BUT DODO	4500	3000	1500	4725	2	1	2
AA	23000	15000	8000	24150	2	1	2
CHIP 1/2	38000	35000	3000	39900	88	1	2
pulsa 40000	43000	40000	3000	45150	10	1	2
Canbo black tea	4200	3100	1100	4410	2	1	2
Ichi Ocha madu teh 350ml	5000	3300	1700	5250	2	1	2
Ichi Ocha melati teh 350ml	4500	2700	1800	4725	2	1	2
sarimi gelas 2000	2000	1500	500	2100	2	1	2
so yumi 2000	2000	1500	500	2100	2	1	2
Maxis 6000	6000	5000	1000	7000	23	1	2
Potatoes crispy snack	1500	900	600	1575	19	1	2
Shinzui 180ml	17000	15000	2000	17850	1	1	2
Tissu Nice	13500	10500	3000	14175	3	1	2
AA	1500	1000	500	1575	28	1	2
ENAAK SNACK	1500	1000	500	1575	-3	1	2
mie sukses 2+2 telor masak	24000	20000	4000	25200	6	1	2
MAXTEA	2500	1800	700	2625	-2	1	2
AA	1000	800	200	1050	10	1	2
aa	8500	7100	1400	8925	2	1	2
INDOMIE / bks	3500	2850	650	3700	0	1	2
Sampurna batangan	3000	2500	500	3500	10	1	2
AA	2500	200	2300	2625	0	1	2
Adem sari kaleng	7500	6500	1000	7875	2	1	2
AA	1500	3000	500	1575	0	1	2
